from,to,demand
1,2,540
1,3,140
1,4,260
1,5,220
1,6,185
1,7,565
1,8,250
1,9,780
1,10,690
1,11,500
1,12,705
1,13,250
1,14,505
1,15,510
1,16,245
1,17,470
1,18,90
1,19,640
1,20,705
1,21,520
1,22,45
1,23,755
1,24,50
1,25,200
1,26,305
1,27,335
1,28,135
1,29,755
1,30,105
1,31,605
1,32,515
1,33,250
1,34,95
1,35,765
1,36,660
1,37,125
1,38,315
1,39,375
1,40,595
1,41,705
1,42,780
1,43,580
1,44,500
1,45,675
1,46,305
1,47,720
1,48,635
1,49,730
1,50,340
1,51,60
1,52,730
1,53,495
1,54,605
1,55,465
1,56,800
1,57,135
1,58,570
1,59,135
1,60,65
1,61,510
1,62,445
1,63,620
1,64,45
1,65,40
1,66,470
1,67,610
1,68,150
1,69,430
1,70,460
1,71,485
1,72,35
1,73,220
1,74,145
1,75,425
1,76,590
1,77,735
1,78,25
1,79,660
1,80,680
1,81,380
1,82,300
1,83,65
1,84,140
1,85,540
1,86,475
1,87,535
1,88,365
1,89,635
1,90,365
1,91,720
1,92,60
1,93,510
1,94,650
1,95,260
1,96,430
1,97,695
1,98,430
1,99,635
1,100,470
1,101,710
1,102,355
1,103,75
1,104,745
1,105,335
1,106,425
1,107,555
1,108,45
1,109,275
1,110,635
2,1,540
2,3,10
2,4,45
2,5,220
2,6,290
2,7,625
2,8,155
2,9,330
2,10,560
2,11,665
2,12,440
2,13,730
2,14,735
2,15,495
2,16,730
2,17,720
2,18,280
2,19,800
2,20,715
2,21,295
2,22,630
2,23,265
2,24,130
2,25,595
2,26,510
2,27,480
2,28,195
2,29,230
2,30,640
2,31,470
2,32,245
2,33,240
2,34,185
2,35,405
2,36,455
2,37,60
2,38,135
2,39,410
2,40,435
2,41,410
2,42,100
2,43,125
2,44,330
2,45,555
2,46,625
2,47,510
2,48,470
2,49,780
2,50,425
2,51,235
2,52,160
2,53,175
2,54,355
2,55,455
2,56,735
2,57,255
2,58,225
2,59,500
2,60,180
2,61,140
2,62,15
2,63,415
2,64,5
2,65,445
2,66,445
2,67,60
2,68,320
2,69,620
2,70,460
2,71,325
2,72,420
2,73,315
2,74,55
2,75,625
2,76,615
2,77,455
2,78,495
2,79,475
2,80,495
2,81,195
2,82,635
2,83,565
2,84,595
2,85,115
2,86,5
2,87,595
2,88,650
2,89,455
2,90,45
2,91,260
2,92,750
2,93,685
2,94,550
2,95,135
2,96,545
2,97,65
2,98,450
2,99,370
2,100,535
2,101,350
2,102,25
2,103,355
2,104,375
2,105,10
2,106,475
2,107,245
2,108,665
2,109,735
2,110,215
3,1,140
3,2,10
3,4,240
3,5,75
3,6,585
3,7,575
3,8,500
3,9,305
3,10,505
3,11,415
3,12,525
3,13,700
3,14,265
3,15,450
3,16,25
3,17,180
3,18,630
3,19,235
3,20,50
3,21,560
3,22,515
3,23,520
3,24,710
3,25,135
3,26,535
3,27,310
3,28,555
3,29,245
3,30,520
3,31,290
3,32,735
3,33,315
3,34,545
3,35,605
3,36,160
3,37,545
3,38,635
3,39,585
3,40,145
3,41,85
3,42,655
3,43,785
3,44,605
3,45,730
3,46,490
3,47,370
3,48,40
3,49,480
3,50,630
3,51,655
3,52,180
3,53,590
3,54,545
3,55,780
3,56,330
3,57,45
3,58,255
3,59,255
3,60,395
3,61,45
3,62,80
3,63,195
3,64,630
3,65,700
3,66,500
3,67,270
3,68,220
3,69,30
3,70,700
3,71,200
3,72,790
3,73,105
3,74,430
3,75,305
3,76,630
3,77,735
3,78,290
3,79,730
3,80,100
3,81,30
3,82,725
3,83,745
3,84,475
3,85,50
3,86,710
3,87,680
3,88,455
3,89,370
3,90,55
3,91,310
3,92,595
3,93,420
3,94,400
3,95,665
3,96,15
3,97,215
3,98,115
3,99,30
3,100,235
3,101,720
3,102,135
3,103,795
3,104,110
3,105,375
3,106,300
3,107,530
3,108,700
3,109,240
3,110,220
4,1,260
4,2,45
4,3,240
4,5,65
4,6,150
4,7,610
4,8,730
4,9,520
4,10,415
4,11,565
4,12,40
4,13,715
4,14,540
4,15,135
4,16,405
4,17,430
4,18,500
4,19,775
4,20,460
4,21,465
4,22,750
4,23,50
4,24,530
4,25,80
4,26,490
4,27,645
4,28,30
4,29,420
4,30,240
4,31,530
4,32,480
4,33,50
4,34,715
4,35,765
4,36,145
4,37,60
4,38,795
4,39,345
4,40,610
4,41,740
4,42,700
4,43,775
4,44,240
4,45,570
4,46,725
4,47,700
4,48,665
4,49,30
4,50,725
4,51,505
4,52,460
4,53,595
4,54,410
4,55,695
4,56,115
4,57,530
4,58,475
4,59,415
4,60,200
4,61,780
4,62,735
4,63,525
4,64,90
4,65,415
4,66,385
4,67,55
4,68,315
4,69,645
4,70,630
4,71,100
4,72,330
4,73,640
4,74,205
4,75,470
4,76,30
4,77,550
4,78,665
4,79,560
4,80,285
4,81,395
4,82,230
4,83,215
4,84,615
4,85,470
4,86,435
4,87,795
4,88,620
4,89,470
4,90,635
4,91,440
4,92,65
4,93,380
4,94,680
4,95,325
4,96,190
4,97,435
4,98,300
4,99,610
4,100,620
4,101,280
4,102,775
4,103,285
4,104,155
4,105,75
4,106,255
4,107,770
4,108,515
4,109,170
4,110,270
5,1,220
5,2,220
5,3,75
5,4,65
5,6,275
5,7,720
5,8,405
5,9,450
5,10,635
5,11,285
5,12,180
5,13,660
5,14,65
5,15,70
5,16,250
5,17,685
5,18,380
5,19,260
5,20,370
5,21,540
5,22,460
5,23,675
5,24,65
5,25,210
5,26,555
5,27,350
5,28,260
5,29,40
5,30,250
5,31,345
5,32,495
5,33,195
5,34,680
5,35,710
5,36,745
5,37,455
5,38,245
5,39,620
5,40,410
5,41,495
5,42,550
5,43,70
5,44,575
5,45,240
5,46,190
5,47,255
5,48,230
5,49,205
5,50,100
5,51,535
5,52,225
5,53,200
5,54,460
5,55,45
5,56,660
5,57,30
5,58,215
5,59,245
5,60,530
5,61,505
5,62,570
5,63,225
5,64,800
5,65,245
5,66,405
5,67,110
5,68,720
5,69,195
5,70,55
5,71,295
5,72,795
5,73,170
5,74,235
5,75,405
5,76,505
5,77,315
5,78,545
5,79,105
5,80,60
5,81,40
5,82,445
5,83,715
5,84,470
5,85,430
5,86,520
5,87,330
5,88,210
5,89,490
5,90,510
5,91,610
5,92,190
5,93,235
5,94,20
5,95,235
5,96,285
5,97,520
5,98,490
5,99,605
5,100,710
5,101,720
5,102,65
5,103,425
5,104,40
5,105,640
5,106,255
5,107,190
5,108,215
5,109,115
5,110,160
6,1,185
6,2,290
6,3,585
6,4,150
6,5,275
6,7,670
6,8,600
6,9,600
6,10,215
6,11,95
6,12,40
6,13,225
6,14,530
6,15,505
6,16,460
6,17,165
6,18,330
6,19,230
6,20,670
6,21,610
6,22,695
6,23,335
6,24,595
6,25,60
6,26,770
6,27,550
6,28,210
6,29,590
6,30,385
6,31,700
6,32,260
6,33,450
6,34,200
6,35,110
6,36,195
6,37,295
6,38,555
6,39,35
6,40,555
6,41,210
6,42,690
6,43,440
6,44,370
6,45,125
6,46,205
6,47,315
6,48,775
6,49,420
6,50,100
6,51,735
6,52,370
6,53,725
6,54,235
6,55,630
6,56,45
6,57,175
6,58,625
6,59,560
6,60,730
6,61,490
6,62,440
6,63,605
6,64,705
6,65,720
6,66,685
6,67,550
6,68,330
6,69,40
6,70,195
6,71,15
6,72,310
6,73,730
6,74,245
6,75,695
6,76,120
6,77,250
6,78,335
6,79,170
6,80,615
6,81,195
6,82,710
6,83,240
6,84,155
6,85,580
6,86,770
6,87,725
6,88,565
6,89,655
6,90,695
6,91,715
6,92,185
6,93,505
6,94,200
6,95,355
6,96,630
6,97,575
6,98,200
6,99,595
6,100,730
6,101,675
6,102,780
6,103,115
6,104,690
6,105,610
6,106,610
6,107,370
6,108,310
6,109,90
6,110,365
7,1,565
7,2,625
7,3,575
7,4,610
7,5,720
7,6,670
7,8,120
7,9,235
7,10,305
7,11,740
7,12,155
7,13,525
7,14,320
7,15,155
7,16,30
7,17,645
7,18,255
7,19,600
7,20,475
7,21,240
7,22,655
7,23,715
7,24,475
7,25,655
7,26,445
7,27,655
7,28,35
7,29,680
7,30,95
7,31,125
7,32,585
7,33,165
7,34,595
7,35,695
7,36,170
7,37,585
7,38,495
7,39,415
7,40,770
7,41,150
7,42,165
7,43,530
7,44,595
7,45,300
7,46,785
7,47,30
7,48,265
7,49,525
7,50,35
7,51,110
7,52,195
7,53,690
7,54,735
7,55,10
7,56,200
7,57,490
7,58,790
7,59,785
7,60,500
7,61,760
7,62,300
7,63,185
7,64,455
7,65,450
7,66,225
7,67,700
7,68,680
7,69,520
7,70,580
7,71,215
7,72,100
7,73,125
7,74,535
7,75,270
7,76,495
7,77,625
7,78,590
7,79,590
7,80,50
7,81,185
7,82,375
7,83,720
7,84,440
7,85,50
7,86,640
7,87,620
7,88,410
7,89,25
7,90,785
7,91,195
7,92,725
7,93,360
7,94,55
7,95,80
7,96,295
7,97,415
7,98,305
7,99,5
7,100,575
7,101,280
7,102,530
7,103,140
7,104,500
7,105,340
7,106,545
7,107,145
7,108,710
7,109,130
7,110,80
8,1,250
8,2,155
8,3,500
8,4,730
8,5,405
8,6,600
8,7,120
8,9,610
8,10,720
8,11,200
8,12,480
8,13,65
8,14,215
8,15,680
8,16,550
8,17,390
8,18,290
8,19,175
8,20,185
8,21,615
8,22,320
8,23,660
8,24,425
8,25,85
8,26,40
8,27,755
8,28,495
8,29,795
8,30,385
8,31,790
8,32,460
8,33,190
8,34,95
8,35,105
8,36,595
8,37,115
8,38,150
8,39,320
8,40,270
8,41,370
8,42,85
8,43,140
8,44,515
8,45,635
8,46,300
8,47,250
8,48,720
8,49,580
8,50,330
8,51,150
8,52,45
8,53,760
8,54,340
8,55,480
8,56,415
8,57,720
8,58,150
8,59,75
8,60,50
8,61,40
8,62,550
8,63,385
8,64,745
8,65,330
8,66,700
8,67,570
8,68,755
8,69,385
8,70,350
8,71,410
8,72,420
8,73,380
8,74,770
8,75,685
8,76,245
8,77,580
8,78,685
8,79,250
8,80,130
8,81,65
8,82,600
8,83,430
8,84,365
8,85,635
8,86,180
8,87,250
8,88,590
8,89,370
8,90,325
8,91,205
8,92,465
8,93,650
8,94,45
8,95,120
8,96,395
8,97,715
8,98,255
8,99,230
8,100,55
8,101,50
8,102,465
8,103,670
8,104,280
8,105,280
8,106,35
8,107,315
8,108,695
8,109,25
8,110,140
9,1,780
9,2,330
9,3,305
9,4,520
9,5,450
9,6,600
9,7,235
9,8,610
9,10,665
9,11,15
9,12,375
9,13,670
9,14,725
9,15,410
9,16,675
9,17,455
9,18,620
9,19,255
9,20,90
9,21,560
9,22,595
9,23,320
9,24,280
9,25,45
9,26,300
9,27,295
9,28,230
9,29,735
9,30,530
9,31,345
9,32,505
9,33,485
9,34,785
9,35,615
9,36,580
9,37,705
9,38,10
9,39,460
9,40,780
9,41,430
9,42,55
9,43,455
9,44,185
9,45,355
9,46,80
9,47,105
9,48,645
9,49,205
9,50,400
9,51,420
9,52,20
9,53,705
9,54,370
9,55,785
9,56,460
9,57,700
9,58,195
9,59,95
9,60,125
9,61,50
9,62,165
9,63,695
9,64,620
9,65,750
9,66,65
9,67,60
9,68,785
9,69,420
9,70,635
9,71,250
9,72,95
9,73,390
9,74,335
9,75,735
9,76,130
9,77,165
9,78,125
9,79,770
9,80,600
9,81,170
9,82,535
9,83,180
9,84,360
9,85,755
9,86,470
9,87,120
9,88,505
9,89,150
9,90,70
9,91,175
9,92,425
9,93,535
9,94,370
9,95,175
9,96,180
9,97,715
9,98,245
9,99,205
9,100,720
9,101,100
9,102,535
9,103,265
9,104,265
9,105,665
9,106,445
9,107,520
9,108,680
9,109,480
9,110,265
10,1,690
10,2,560
10,3,505
10,4,415
10,5,635
10,6,215
10,7,305
10,8,720
10,9,665
10,11,170
10,12,505
10,13,215
10,14,785
10,15,130
10,16,640
10,17,740
10,18,375
10,19,495
10,20,330
10,21,780
10,22,525
10,23,620
10,24,335
10,25,120
10,26,400
10,27,680
10,28,545
10,29,360
10,30,400
10,31,125
10,32,560
10,33,165
10,34,545
10,35,100
10,36,480
10,37,620
10,38,465
10,39,550
10,40,345
10,41,225
10,42,785
10,43,775
10,44,585
10,45,580
10,46,520
10,47,70
10,48,425
10,49,685
10,50,170
10,51,665
10,52,170
10,53,385
10,54,240
10,55,280
10,56,745
10,57,25
10,58,580
10,59,305
10,60,475
10,61,265
10,62,695
10,63,685
10,64,440
10,65,35
10,66,430
10,67,665
10,68,455
10,69,180
10,70,260
10,71,55
10,72,300
10,73,210
10,74,210
10,75,380
10,76,80
10,77,55
10,78,655
10,79,55
10,80,240
10,81,635
10,82,370
10,83,730
10,84,445
10,85,345
10,86,320
10,87,55
10,88,575
10,89,580
10,90,595
10,91,555
10,92,210
10,93,10
10,94,285
10,95,720
10,96,595
10,97,240
10,98,150
10,99,135
10,100,65
10,101,350
10,102,220
10,103,190
10,104,120
10,105,380
10,106,585
10,107,315
10,108,125
10,109,115
10,110,725
11,1,500
11,2,665
11,3,415
11,4,565
11,5,285
11,6,95
11,7,740
11,8,200
11,9,15
11,10,170
11,12,285
11,13,130
11,14,700
11,15,645
11,16,590
11,17,395
11,18,325
11,19,695
11,20,145
11,21,745
11,22,660
11,23,550
11,24,380
11,25,715
11,26,790
11,27,30
11,28,660
11,29,530
11,30,360
11,31,460
11,32,640
11,33,510
11,34,635
11,35,50
11,36,315
11,37,340
11,38,535
11,39,510
11,40,710
11,41,490
11,42,495
11,43,705
11,44,615
11,45,605
11,46,95
11,47,165
11,48,95
11,49,675
11,50,310
11,51,365
11,52,60
11,53,25
11,54,770
11,55,130
11,56,750
11,57,190
11,58,65
11,59,540
11,60,70
11,61,50
11,62,560
11,63,5
11,64,130
11,65,220
11,66,255
11,67,575
11,68,460
11,69,415
11,70,465
11,71,5
11,72,285
11,73,440
11,74,75
11,75,220
11,76,475
11,77,5
11,78,25
11,79,305
11,80,135
11,81,245
11,82,220
11,83,250
11,84,470
11,85,435
11,86,635
11,87,300
11,88,605
11,89,525
11,90,445
11,91,685
11,92,345
11,93,460
11,94,615
11,95,435
11,96,790
11,97,85
11,98,245
11,99,305
11,100,380
11,101,180
11,102,260
11,103,185
11,104,20
11,105,15
11,106,630
11,107,15
11,108,725
11,109,160
11,110,490
12,1,705
12,2,440
12,3,525
12,4,40
12,5,180
12,6,40
12,7,155
12,8,480
12,9,375
12,10,505
12,11,285
12,13,420
12,14,570
12,15,285
12,16,610
12,17,405
12,18,615
12,19,295
12,20,745
12,21,725
12,22,445
12,23,420
12,24,145
12,25,490
12,26,585
12,27,705
12,28,380
12,29,605
12,30,145
12,31,20
12,32,105
12,33,690
12,34,640
12,35,155
12,36,140
12,37,545
12,38,320
12,39,750
12,40,385
12,41,325
12,42,155
12,43,270
12,44,355
12,45,115
12,46,785
12,47,355
12,48,645
12,49,655
12,50,190
12,51,515
12,52,210
12,53,100
12,54,330
12,55,55
12,56,90
12,57,425
12,58,170
12,59,25
12,60,800
12,61,600
12,62,790
12,63,765
12,64,380
12,65,795
12,66,685
12,67,250
12,68,765
12,69,95
12,70,95
12,71,5
12,72,245
12,73,300
12,74,100
12,75,570
12,76,770
12,77,260
12,78,635
12,79,540
12,80,90
12,81,580
12,82,710
12,83,5
12,84,85
12,85,300
12,86,735
12,87,800
12,88,140
12,89,140
12,90,85
12,91,485
12,92,330
12,93,205
12,94,165
12,95,155
12,96,710
12,97,510
12,98,500
12,99,530
12,100,145
12,101,505
12,102,705
12,103,145
12,104,520
12,105,710
12,106,205
12,107,470
12,108,390
12,109,675
12,110,45
13,1,250
13,2,730
13,3,700
13,4,715
13,5,660
13,6,225
13,7,525
13,8,65
13,9,670
13,10,215
13,11,130
13,12,420
13,14,595
13,15,445
13,16,345
13,17,625
13,18,320
13,19,290
13,20,530
13,21,320
13,22,145
13,23,45
13,24,200
13,25,725
13,26,790
13,27,390
13,28,120
13,29,410
13,30,795
13,31,615
13,32,775
13,33,745
13,34,190
13,35,80
13,36,330
13,37,105
13,38,605
13,39,280
13,40,360
13,41,160
13,42,590
13,43,165
13,44,615
13,45,195
13,46,495
13,47,280
13,48,580
13,49,95
13,50,145
13,51,160
13,52,290
13,53,325
13,54,185
13,55,540
13,56,770
13,57,350
13,58,645
13,59,640
13,60,800
13,61,170
13,62,265
13,63,610
13,64,610
13,65,770
13,66,460
13,67,490
13,68,295
13,69,275
13,70,480
13,71,425
13,72,390
13,73,525
13,74,35
13,75,155
13,76,745
13,77,470
13,78,15
13,79,235
13,80,40
13,81,640
13,82,570
13,83,430
13,84,470
13,85,170
13,86,335
13,87,415
13,88,675
13,89,530
13,90,385
13,91,685
13,92,390
13,93,220
13,94,585
13,95,780
13,96,305
13,97,195
13,98,195
13,99,20
13,100,790
13,101,645
13,102,455
13,103,315
13,104,525
13,105,795
13,106,575
13,107,85
13,108,360
13,109,555
13,110,270
14,1,505
14,2,735
14,3,265
14,4,540
14,5,65
14,6,530
14,7,320
14,8,215
14,9,725
14,10,785
14,11,700
14,12,570
14,13,595
14,15,740
14,16,510
14,17,750
14,18,345
14,19,245
14,20,715
14,21,15
14,22,120
14,23,770
14,24,575
14,25,250
14,26,665
14,27,650
14,28,730
14,29,515
14,30,505
14,31,95
14,32,740
14,33,500
14,34,210
14,35,765
14,36,40
14,37,20
14,38,75
14,39,415
14,40,705
14,41,325
14,42,450
14,43,480
14,44,65
14,45,315
14,46,285
14,47,200
14,48,90
14,49,90
14,50,215
14,51,215
14,52,750
14,53,150
14,54,410
14,55,120
14,56,740
14,57,745
14,58,110
14,59,700
14,60,10
14,61,580
14,62,705
14,63,310
14,64,200
14,65,90
14,66,680
14,67,530
14,68,625
14,69,290
14,70,150
14,71,10
14,72,70
14,73,265
14,74,245
14,75,410
14,76,310
14,77,750
14,78,130
14,79,625
14,80,145
14,81,645
14,82,450
14,83,380
14,84,290
14,85,300
14,86,310
14,87,210
14,88,780
14,89,530
14,90,405
14,91,160
14,92,85
14,93,715
14,94,295
14,95,365
14,96,55
14,97,685
14,98,225
14,99,730
14,100,50
14,101,495
14,102,455
14,103,535
14,104,270
14,105,35
14,106,230
14,107,745
14,108,640
14,109,265
14,110,590
15,1,510
15,2,495
15,3,450
15,4,135
15,5,70
15,6,505
15,7,155
15,8,680
15,9,410
15,10,130
15,11,645
15,12,285
15,13,445
15,14,740
15,16,455
15,17,15
15,18,345
15,19,25
15,20,630
15,21,785
15,22,555
15,23,625
15,24,480
15,25,230
15,26,600
15,27,560
15,28,355
15,29,340
15,30,125
15,31,435
15,32,160
15,33,600
15,34,575
15,35,565
15,36,590
15,37,530
15,38,715
15,39,395
15,40,275
15,41,775
15,42,100
15,43,170
15,44,125
15,45,650
15,46,55
15,47,395
15,48,480
15,49,295
15,50,555
15,51,690
15,52,725
15,53,765
15,54,725
15,55,10
15,56,35
15,57,700
15,58,360
15,59,355
15,60,265
15,61,755
15,62,575
15,63,755
15,64,425
15,65,20
15,66,660
15,67,230
15,68,695
15,69,690
15,70,445
15,71,370
15,72,685
15,73,280
15,74,195
15,75,45
15,76,110
15,77,465
15,78,725
15,79,620
15,80,565
15,81,340
15,82,770
15,83,605
15,84,295
15,85,445
15,86,180
15,87,205
15,88,590
15,89,255
15,90,340
15,91,600
15,92,285
15,93,360
15,94,30
15,95,585
15,96,500
15,97,105
15,98,175
15,99,250
15,100,25
15,101,165
15,102,55
15,103,5
15,104,510
15,105,645
15,106,320
15,107,215
15,108,230
15,109,575
15,110,160
16,1,245
16,2,730
16,3,25
16,4,405
16,5,250
16,6,460
16,7,30
16,8,550
16,9,675
16,10,640
16,11,590
16,12,610
16,13,345
16,14,510
16,15,455
16,17,465
16,18,200
16,19,750
16,20,455
16,21,705
16,22,795
16,23,760
16,24,385
16,25,100
16,26,55
16,27,310
16,28,450
16,29,740
16,30,750
16,31,660
16,32,150
16,33,315
16,34,735
16,35,430
16,36,365
16,37,230
16,38,500
16,39,150
16,40,745
16,41,575
16,42,670
16,43,400
16,44,775
16,45,675
16,46,95
16,47,750
16,48,555
16,49,250
16,50,690
16,51,760
16,52,550
16,53,455
16,54,120
16,55,790
16,56,655
16,57,730
16,58,550
16,59,245
16,60,590
16,61,225
16,62,495
16,63,240
16,64,415
16,65,595
16,66,600
16,67,325
16,68,130
16,69,20
16,70,85
16,71,750
16,72,495
16,73,510
16,74,10
16,75,175
16,76,65
16,77,130
16,78,75
16,79,110
16,80,60
16,81,220
16,82,35
16,83,600
16,84,760
16,85,180
16,86,485
16,87,350
16,88,140
16,89,160
16,90,155
16,91,745
16,92,395
16,93,640
16,94,150
16,95,185
16,96,680
16,97,400
16,98,790
16,99,140
16,100,765
16,101,310
16,102,360
16,103,290
16,104,120
16,105,655
16,106,150
16,107,670
16,108,330
16,109,340
16,110,430
17,1,470
17,2,720
17,3,180
17,4,430
17,5,685
17,6,165
17,7,645
17,8,390
17,9,455
17,10,740
17,11,395
17,12,405
17,13,625
17,14,750
17,15,15
17,16,465
17,18,345
17,19,5
17,20,535
17,21,210
17,22,475
17,23,290
17,24,440
17,25,625
17,26,450
17,27,245
17,28,370
17,29,740
17,30,710
17,31,705
17,32,780
17,33,605
17,34,15
17,35,795
17,36,365
17,37,420
17,38,75
17,39,630
17,40,575
17,41,440
17,42,600
17,43,550
17,44,490
17,45,70
17,46,305
17,47,325
17,48,550
17,49,325
17,50,445
17,51,495
17,52,335
17,53,680
17,54,445
17,55,655
17,56,255
17,57,690
17,58,175
17,59,95
17,60,70
17,61,125
17,62,645
17,63,775
17,64,160
17,65,625
17,66,25
17,67,95
17,68,150
17,69,745
17,70,440
17,71,25
17,72,705
17,73,765
17,74,390
17,75,350
17,76,500
17,77,185
17,78,565
17,79,785
17,80,135
17,81,505
17,82,515
17,83,510
17,84,790
17,85,310
17,86,210
17,87,370
17,88,95
17,89,290
17,90,630
17,91,245
17,92,585
17,93,520
17,94,675
17,95,420
17,96,310
17,97,500
17,98,485
17,99,430
17,100,585
17,101,305
17,102,100
17,103,295
17,104,650
17,105,720
17,106,280
17,107,15
17,108,25
17,109,680
17,110,755
18,1,90
18,2,280
18,3,630
18,4,500
18,5,380
18,6,330
18,7,255
18,8,290
18,9,620
18,10,375
18,11,325
18,12,615
18,13,320
18,14,345
18,15,345
18,16,200
18,17,345
18,19,615
18,20,775
18,21,395
18,22,445
18,23,525
18,24,780
18,25,725
18,26,25
18,27,460
18,28,585
18,29,125
18,30,40
18,31,430
18,32,35
18,33,400
18,34,170
18,35,385
18,36,525
18,37,40
18,38,690
18,39,35
18,40,515
18,41,410
18,42,465
18,43,705
18,44,150
18,45,165
18,46,110
18,47,660
18,48,590
18,49,715
18,50,130
18,51,340
18,52,505
18,53,480
18,54,240
18,55,630
18,56,310
18,57,790
18,58,165
18,59,625
18,60,680
18,61,370
18,62,545
18,63,640
18,64,190
18,65,605
18,66,740
18,67,800
18,68,710
18,69,405
18,70,5
18,71,15
18,72,80
18,73,630
18,74,445
18,75,580
18,76,185
18,77,15
18,78,100
18,79,510
18,80,15
18,81,755
18,82,800
18,83,305
18,84,720
18,85,475
18,86,670
18,87,390
18,88,50
18,89,370
18,90,255
18,91,730
18,92,720
18,93,525
18,94,200
18,95,190
18,96,440
18,97,315
18,98,605
18,99,315
18,100,215
18,101,280
18,102,750
18,103,300
18,104,390
18,105,195
18,106,425
18,107,170
18,108,240
18,109,430
18,110,410
19,1,640
19,2,800
19,3,235
19,4,775
19,5,260
19,6,230
19,7,600
19,8,175
19,9,255
19,10,495
19,11,695
19,12,295
19,13,290
19,14,245
19,15,25
19,16,750
19,17,5
19,18,615
19,20,400
19,21,730
19,22,585
19,23,720
19,24,645
19,25,360
19,26,190
19,27,55
19,28,230
19,29,350
19,30,365
19,31,785
19,32,745
19,33,480
19,34,470
19,35,95
19,36,320
19,37,755
19,38,175
19,39,140
19,40,280
19,41,500
19,42,350
19,43,335
19,44,230
19,45,725
19,46,550
19,47,85
19,48,70
19,49,15
19,50,740
19,51,295
19,52,340
19,53,465
19,54,150
19,55,20
19,56,530
19,57,370
19,58,160
19,59,160
19,60,555
19,61,600
19,62,435
19,63,425
19,64,330
19,65,450
19,66,585
19,67,235
19,68,630
19,69,65
19,70,380
19,71,320
19,72,730
19,73,345
19,74,760
19,75,325
19,76,195
19,77,700
19,78,400
19,79,340
19,80,445
19,81,200
19,82,210
19,83,170
19,84,465
19,85,670
19,86,685
19,87,520
19,88,790
19,89,785
19,90,550
19,91,630
19,92,280
19,93,625
19,94,40
19,95,285
19,96,290
19,97,105
19,98,790
19,99,335
19,100,330
19,101,630
19,102,350
19,103,465
19,104,525
19,105,30
19,106,325
19,107,770
19,108,480
19,109,750
19,110,750
20,1,705
20,2,715
20,3,50
20,4,460
20,5,370
20,6,670
20,7,475
20,8,185
20,9,90
20,10,330
20,11,145
20,12,745
20,13,530
20,14,715
20,15,630
20,16,455
20,17,535
20,18,775
20,19,400
20,21,605
20,22,435
20,23,660
20,24,10
20,25,600
20,26,85
20,27,40
20,28,150
20,29,380
20,30,10
20,31,690
20,32,380
20,33,120
20,34,200
20,35,50
20,36,165
20,37,375
20,38,370
20,39,285
20,40,355
20,41,265
20,42,460
20,43,795
20,44,575
20,45,290
20,46,460
20,47,305
20,48,300
20,49,340
20,50,595
20,51,290
20,52,505
20,53,685
20,54,100
20,55,140
20,56,765
20,57,785
20,58,205
20,59,230
20,60,675
20,61,645
20,62,300
20,63,295
20,64,220
20,65,210
20,66,800
20,67,40
20,68,545
20,69,405
20,70,95
20,71,370
20,72,575
20,73,770
20,74,425
20,75,750
20,76,795
20,77,375
20,78,295
20,79,75
20,80,680
20,81,335
20,82,610
20,83,445
20,84,385
20,85,215
20,86,110
20,87,65
20,88,680
20,89,270
20,90,540
20,91,85
20,92,470
20,93,95
20,94,200
20,95,335
20,96,575
20,97,700
20,98,655
20,99,190
20,100,280
20,101,770
20,102,245
20,103,125
20,104,600
20,105,230
20,106,265
20,107,5
20,108,455
20,109,360
20,110,130
21,1,520
21,2,295
21,3,560
21,4,465
21,5,540
21,6,610
21,7,240
21,8,615
21,9,560
21,10,780
21,11,745
21,12,725
21,13,320
21,14,15
21,15,785
21,16,705
21,17,210
21,18,395
21,19,730
21,20,605
21,22,565
21,23,440
21,24,205
21,25,315
21,26,200
21,27,470
21,28,45
21,29,485
21,30,35
21,31,690
21,32,275
21,33,90
21,34,475
21,35,505
21,36,630
21,37,590
21,38,635
21,39,520
21,40,730
21,41,485
21,42,590
21,43,575
21,44,555
21,45,740
21,46,780
21,47,265
21,48,80
21,49,650
21,50,550
21,51,140
21,52,385
21,53,755
21,54,115
21,55,530
21,56,160
21,57,505
21,58,500
21,59,355
21,60,530
21,61,360
21,62,685
21,63,570
21,64,345
21,65,500
21,66,515
21,67,715
21,68,795
21,69,585
21,70,405
21,71,40
21,72,90
21,73,690
21,74,735
21,75,540
21,76,370
21,77,770
21,78,65
21,79,310
21,80,15
21,81,475
21,82,455
21,83,10
21,84,475
21,85,290
21,86,25
21,87,785
21,88,110
21,89,445
21,90,695
21,91,550
21,92,30
21,93,355
21,94,355
21,95,615
21,96,800
21,97,210
21,98,710
21,99,40
21,100,270
21,101,585
21,102,400
21,103,440
21,104,180
21,105,100
21,106,390
21,107,700
21,108,515
21,109,360
21,110,110
22,1,45
22,2,630
22,3,515
22,4,750
22,5,460
22,6,695
22,7,655
22,8,320
22,9,595
22,10,525
22,11,660
22,12,445
22,13,145
22,14,120
22,15,555
22,16,795
22,17,475
22,18,445
22,19,585
22,20,435
22,21,565
22,23,115
22,24,790
22,25,780
22,26,345
22,27,605
22,28,450
22,29,610
22,30,785
22,31,35
22,32,285
22,33,385
22,34,140
22,35,285
22,36,715
22,37,60
22,38,75
22,39,165
22,40,495
22,41,220
22,42,600
22,43,245
22,44,615
22,45,205
22,46,540
22,47,110
22,48,755
22,49,360
22,50,290
22,51,140
22,52,400
22,53,365
22,54,55
22,55,715
22,56,730
22,57,630
22,58,380
22,59,640
22,60,705
22,61,540
22,62,60
22,63,100
22,64,345
22,65,630
22,66,475
22,67,380
22,68,30
22,69,145
22,70,750
22,71,475
22,72,410
22,73,175
22,74,765
22,75,290
22,76,370
22,77,665
22,78,635
22,79,355
22,80,500
22,81,765
22,82,535
22,83,215
22,84,580
22,85,450
22,86,780
22,87,245
22,88,400
22,89,230
22,90,60
22,91,90
22,92,65
22,93,800
22,94,480
22,95,635
22,96,690
22,97,665
22,98,750
22,99,30
22,100,115
22,101,585
22,102,700
22,103,300
22,104,175
22,105,465
22,106,25
22,107,35
22,108,750
22,109,325
22,110,630
23,1,755
23,2,265
23,3,520
23,4,50
23,5,675
23,6,335
23,7,715
23,8,660
23,9,320
23,10,620
23,11,550
23,12,420
23,13,45
23,14,770
23,15,625
23,16,760
23,17,290
23,18,525
23,19,720
23,20,660
23,21,440
23,22,115
23,24,195
23,25,490
23,26,715
23,27,505
23,28,740
23,29,800
23,30,125
23,31,20
23,32,730
23,33,120
23,34,75
23,35,575
23,36,145
23,37,130
23,38,385
23,39,760
23,40,595
23,41,540
23,42,60
23,43,245
23,44,750
23,45,690
23,46,715
23,47,475
23,48,135
23,49,145
23,50,600
23,51,760
23,52,530
23,53,440
23,54,480
23,55,190
23,56,660
23,57,635
23,58,475
23,59,350
23,60,440
23,61,285
23,62,800
23,63,295
23,64,775
23,65,20
23,66,625
23,67,355
23,68,505
23,69,255
23,70,740
23,71,180
23,72,300
23,73,250
23,74,35
23,75,485
23,76,670
23,77,475
23,78,295
23,79,115
23,80,95
23,81,785
23,82,435
23,83,70
23,84,205
23,85,170
23,86,255
23,87,725
23,88,420
23,89,130
23,90,115
23,91,55
23,92,685
23,93,780
23,94,745
23,95,330
23,96,725
23,97,390
23,98,380
23,99,135
23,100,70
23,101,510
23,102,250
23,103,375
23,104,170
23,105,5
23,106,640
23,107,295
23,108,15
23,109,575
23,110,175
24,1,50
24,2,130
24,3,710
24,4,530
24,5,65
24,6,595
24,7,475
24,8,425
24,9,280
24,10,335
24,11,380
24,12,145
24,13,200
24,14,575
24,15,480
24,16,385
24,17,440
24,18,780
24,19,645
24,20,10
24,21,205
24,22,790
24,23,195
24,25,555
24,26,200
24,27,215
24,28,110
24,29,280
24,30,605
24,31,715
24,32,570
24,33,200
24,34,365
24,35,745
24,36,495
24,37,210
24,38,505
24,39,560
24,40,325
24,41,155
24,42,250
24,43,555
24,44,505
24,45,200
24,46,35
24,47,430
24,48,145
24,49,420
24,50,700
24,51,495
24,52,220
24,53,685
24,54,130
24,55,210
24,56,540
24,57,185
24,58,665
24,59,260
24,60,395
24,61,615
24,62,595
24,63,510
24,64,200
24,65,590
24,66,275
24,67,245
24,68,105
24,69,10
24,70,740
24,71,730
24,72,310
24,73,565
24,74,540
24,75,105
24,76,165
24,77,725
24,78,715
24,79,305
24,80,205
24,81,485
24,82,505
24,83,20
24,84,660
24,85,415
24,86,730
24,87,95
24,88,760
24,89,745
24,90,80
24,91,335
24,92,260
24,93,680
24,94,760
24,95,585
24,96,550
24,97,515
24,98,255
24,99,590
24,100,130
24,101,610
24,102,75
24,103,775
24,104,490
24,105,720
24,106,160
24,107,795
24,108,195
24,109,180
24,110,325
25,1,200
25,2,595
25,3,135
25,4,80
25,5,210
25,6,60
25,7,655
25,8,85
25,9,45
25,10,120
25,11,715
25,12,490
25,13,725
25,14,250
25,15,230
25,16,100
25,17,625
25,18,725
25,19,360
25,20,600
25,21,315
25,22,780
25,23,490
25,24,555
25,26,625
25,27,675
25,28,330
25,29,325
25,30,620
25,31,200
25,32,695
25,33,550
25,34,785
25,35,150
25,36,175
25,37,255
25,38,605
25,39,295
25,40,485
25,41,310
25,42,445
25,43,310
25,44,535
25,45,15
25,46,655
25,47,280
25,48,575
25,49,770
25,50,410
25,51,535
25,52,345
25,53,680
25,54,525
25,55,405
25,56,295
25,57,550
25,58,80
25,59,40
25,60,700
25,61,525
25,62,490
25,63,340
25,64,405
25,65,135
25,66,75
25,67,550
25,68,115
25,69,425
25,70,5
25,71,345
25,72,180
25,73,530
25,74,405
25,75,485
25,76,165
25,77,110
25,78,20
25,79,755
25,80,560
25,81,445
25,82,240
25,83,35
25,84,685
25,85,480
25,86,15
25,87,750
25,88,10
25,89,515
25,90,635
25,91,425
25,92,235
25,93,505
25,94,345
25,95,440
25,96,155
25,97,600
25,98,175
25,99,85
25,100,720
25,101,660
25,102,710
25,103,75
25,104,565
25,105,140
25,106,670
25,107,585
25,108,625
25,109,615
25,110,50
26,1,305
26,2,510
26,3,535
26,4,490
26,5,555
26,6,770
26,7,445
26,8,40
26,9,300
26,10,400
26,11,790
26,12,585
26,13,790
26,14,665
26,15,600
26,16,55
26,17,450
26,18,25
26,19,190
26,20,85
26,21,200
26,22,345
26,23,715
26,24,200
26,25,625
26,27,490
26,28,720
26,29,415
26,30,405
26,31,205
26,32,780
26,33,465
26,34,775
26,35,35
26,36,155
26,37,420
26,38,515
26,39,275
26,40,520
26,41,285
26,42,685
26,43,435
26,44,540
26,45,210
26,46,100
26,47,35
26,48,715
26,49,605
26,50,645
26,51,355
26,52,65
26,53,125
26,54,200
26,55,65
26,56,685
26,57,130
26,58,495
26,59,425
26,60,155
26,61,610
26,62,495
26,63,125
26,64,365
26,65,550
26,66,230
26,67,500
26,68,755
26,69,455
26,70,555
26,71,785
26,72,720
26,73,520
26,74,790
26,75,135
26,76,410
26,77,505
26,78,645
26,79,335
26,80,45
26,81,420
26,82,110
26,83,295
26,84,560
26,85,105
26,86,630
26,87,45
26,88,655
26,89,695
26,90,160
26,91,490
26,92,800
26,93,35
26,94,115
26,95,180
26,96,470
26,97,540
26,98,580
26,99,405
26,100,520
26,101,30
26,102,160
26,103,600
26,104,250
26,105,600
26,106,685
26,107,80
26,108,480
26,109,580
26,110,455
27,1,335
27,2,480
27,3,310
27,4,645
27,5,350
27,6,550
27,7,655
27,8,755
27,9,295
27,10,680
27,11,30
27,12,705
27,13,390
27,14,650
27,15,560
27,16,310
27,17,245
27,18,460
27,19,55
27,20,40
27,21,470
27,22,605
27,23,505
27,24,215
27,25,675
27,26,490
27,28,190
27,29,730
27,30,765
27,31,415
27,32,570
27,33,640
27,34,160
27,35,90
27,36,495
27,37,20
27,38,35
27,39,95
27,40,655
27,41,305
27,42,185
27,43,295
27,44,140
27,45,620
27,46,265
27,47,255
27,48,580
27,49,470
27,50,625
27,51,290
27,52,150
27,53,460
27,54,390
27,55,340
27,56,255
27,57,780
27,58,210
27,59,455
27,60,285
27,61,250
27,62,10
27,63,535
27,64,710
27,65,340
27,66,690
27,67,760
27,68,305
27,69,165
27,70,145
27,71,250
27,72,685
27,73,425
27,74,665
27,75,90
27,76,495
27,77,455
27,78,210
27,79,5
27,80,230
27,81,660
27,82,720
27,83,800
27,84,10
27,85,590
27,86,70
27,87,510
27,88,645
27,89,665
27,90,455
27,91,210
27,92,630
27,93,140
27,94,220
27,95,5
27,96,320
27,97,25
27,98,685
27,99,165
27,100,690
27,101,45
27,102,180
27,103,40
27,104,605
27,105,560
27,106,740
27,107,730
27,108,645
27,109,800
27,110,645
28,1,135
28,2,195
28,3,555
28,4,30
28,5,260
28,6,210
28,7,35
28,8,495
28,9,230
28,10,545
28,11,660
28,12,380
28,13,120
28,14,730
28,15,355
28,16,450
28,17,370
28,18,585
28,19,230
28,20,150
28,21,45
28,22,450
28,23,740
28,24,110
28,25,330
28,26,720
28,27,190
28,29,260
28,30,25
28,31,590
28,32,380
28,33,315
28,34,690
28,35,50
28,36,310
28,37,115
28,38,40
28,39,560
28,40,735
28,41,310
28,42,195
28,43,730
28,44,565
28,45,720
28,46,760
28,47,750
28,48,800
28,49,320
28,50,530
28,51,660
28,52,500
28,53,565
28,54,395
28,55,410
28,56,625
28,57,35
28,58,725
28,59,590
28,60,495
28,61,605
28,62,230
28,63,165
28,64,525
28,65,745
28,66,645
28,67,285
28,68,220
28,69,600
28,70,580
28,71,690
28,72,740
28,73,220
28,74,555
28,75,495
28,76,60
28,77,155
28,78,270
28,79,250
28,80,340
28,81,75
28,82,450
28,83,535
28,84,95
28,85,255
28,86,785
28,87,710
28,88,20
28,89,695
28,90,200
28,91,350
28,92,110
28,93,175
28,94,620
28,95,70
28,96,325
28,97,475
28,98,160
28,99,560
28,100,475
28,101,375
28,102,195
28,103,335
28,104,620
28,105,30
28,106,490
28,107,65
28,108,335
28,109,790
28,110,675
29,1,755
29,2,230
29,3,245
29,4,420
29,5,40
29,6,590
29,7,680
29,8,795
29,9,735
29,10,360
29,11,530
29,12,605
29,13,410
29,14,515
29,15,340
29,16,740
29,17,740
29,18,125
29,19,350
29,20,380
29,21,485
29,22,610
29,23,800
29,24,280
29,25,325
29,26,415
29,27,730
29,28,260
29,30,45
29,31,585
29,32,95
29,33,390
29,34,695
29,35,15
29,36,660
29,37,630
29,38,155
29,39,735
29,40,550
29,41,715
29,42,575
29,43,390
29,44,670
29,45,75
29,46,25
29,47,270
29,48,390
29,49,185
29,50,445
29,51,545
29,52,670
29,53,720
29,54,355
29,55,320
29,56,355
29,57,250
29,58,360
29,59,775
29,60,370
29,61,400
29,62,20
29,63,155
29,64,720
29,65,315
29,66,85
29,67,280
29,68,145
29,69,200
29,70,515
29,71,785
29,72,740
29,73,45
29,74,725
29,75,155
29,76,795
29,77,265
29,78,185
29,79,755
29,80,650
29,81,740
29,82,575
29,83,705
29,84,695
29,85,290
29,86,110
29,87,645
29,88,545
29,89,350
29,90,760
29,91,765
29,92,30
29,93,225
29,94,55
29,95,665
29,96,320
29,97,465
29,98,275
29,99,780
29,100,485
29,101,535
29,102,695
29,103,340
29,104,60
29,105,700
29,106,560
29,107,675
29,108,545
29,109,565
29,110,720
30,1,105
30,2,640
30,3,520
30,4,240
30,5,250
30,6,385
30,7,95
30,8,385
30,9,530
30,10,400
30,11,360
30,12,145
30,13,795
30,14,505
30,15,125
30,16,750
30,17,710
30,18,40
30,19,365
30,20,10
30,21,35
30,22,785
30,23,125
30,24,605
30,25,620
30,26,405
30,27,765
30,28,25
30,29,45
30,31,470
30,32,265
30,33,800
30,34,170
30,35,230
30,36,670
30,37,620
30,38,165
30,39,615
30,40,495
30,41,775
30,42,405
30,43,385
30,44,470
30,45,785
30,46,280
30,47,210
30,48,475
30,49,600
30,50,70
30,51,300
30,52,70
30,53,255
30,54,365
30,55,130
30,56,50
30,57,360
30,58,230
30,59,160
30,60,410
30,61,20
30,62,665
30,63,165
30,64,345
30,65,590
30,66,425
30,67,220
30,68,615
30,69,765
30,70,95
30,71,20
30,72,340
30,73,55
30,74,105
30,75,75
30,76,190
30,77,170
30,78,490
30,79,320
30,80,585
30,81,770
30,82,605
30,83,65
30,84,695
30,85,295
30,86,640
30,87,630
30,88,270
30,89,760
30,90,665
30,91,505
30,92,240
30,93,495
30,94,795
30,95,280
30,96,195
30,97,5
30,98,730
30,99,505
30,100,630
30,101,600
30,102,495
30,103,150
30,104,675
30,105,575
30,106,525
30,107,495
30,108,700
30,109,635
30,110,580
31,1,605
31,2,470
31,3,290
31,4,530
31,5,345
31,6,700
31,7,125
31,8,790
31,9,345
31,10,125
31,11,460
31,12,20
31,13,615
31,14,95
31,15,435
31,16,660
31,17,705
31,18,430
31,19,785
31,20,690
31,21,690
31,22,35
31,23,20
31,24,715
31,25,200
31,26,205
31,27,415
31,28,590
31,29,585
31,30,470
31,32,330
31,33,800
31,34,500
31,35,285
31,36,150
31,37,260
31,38,205
31,39,755
31,40,715
31,41,795
31,42,765
31,43,700
31,44,130
31,45,120
31,46,520
31,47,635
31,48,60
31,49,200
31,50,10
31,51,190
31,52,205
31,53,730
31,54,295
31,55,35
31,56,525
31,57,655
31,58,70
31,59,10
31,60,295
31,61,335
31,62,335
31,63,375
31,64,375
31,65,440
31,66,430
31,67,410
31,68,625
31,69,235
31,70,445
31,71,460
31,72,165
31,73,445
31,74,175
31,75,440
31,76,60
31,77,690
31,78,170
31,79,195
31,80,305
31,81,230
31,82,605
31,83,260
31,84,90
31,85,645
31,86,205
31,87,405
31,88,35
31,89,500
31,90,310
31,91,250
31,92,270
31,93,750
31,94,375
31,95,5
31,96,585
31,97,320
31,98,20
31,99,515
31,100,355
31,101,475
31,102,495
31,103,365
31,104,40
31,105,580
31,106,595
31,107,325
31,108,45
31,109,760
31,110,705
32,1,515
32,2,245
32,3,735
32,4,480
32,5,495
32,6,260
32,7,585
32,8,460
32,9,505
32,10,560
32,11,640
32,12,105
32,13,775
32,14,740
32,15,160
32,16,150
32,17,780
32,18,35
32,19,745
32,20,380
32,21,275
32,22,285
32,23,730
32,24,570
32,25,695
32,26,780
32,27,570
32,28,380
32,29,95
32,30,265
32,31,330
32,33,665
32,34,360
32,35,710
32,36,685
32,37,520
32,38,410
32,39,65
32,40,290
32,41,185
32,42,690
32,43,510
32,44,590
32,45,130
32,46,760
32,47,325
32,48,490
32,49,640
32,50,550
32,51,5
32,52,405
32,53,790
32,54,10
32,55,35
32,56,85
32,57,485
32,58,40
32,59,340
32,60,285
32,61,560
32,62,295
32,63,260
32,64,545
32,65,470
32,66,195
32,67,300
32,68,165
32,69,210
32,70,680
32,71,345
32,72,530
32,73,430
32,74,750
32,75,270
32,76,290
32,77,600
32,78,695
32,79,20
32,80,680
32,81,650
32,82,435
32,83,350
32,84,485
32,85,270
32,86,625
32,87,80
32,88,365
32,89,610
32,90,505
32,91,5
32,92,15
32,93,370
32,94,180
32,95,300
32,96,355
32,97,50
32,98,295
32,99,305
32,100,245
32,101,735
32,102,385
32,103,145
32,104,240
32,105,665
32,106,495
32,107,535
32,108,495
32,109,210
32,110,700
33,1,250
33,2,240
33,3,315
33,4,50
33,5,195
33,6,450
33,7,165
33,8,190
33,9,485
33,10,165
33,11,510
33,12,690
33,13,745
33,14,500
33,15,600
33,16,315
33,17,605
33,18,400
33,19,480
33,20,120
33,21,90
33,22,385
33,23,120
33,24,200
33,25,550
33,26,465
33,27,640
33,28,315
33,29,390
33,30,800
33,31,800
33,32,665
33,34,5
33,35,295
33,36,475
33,37,740
33,38,370
33,39,340
33,40,525
33,41,615
33,42,305
33,43,365
33,44,520
33,45,590
33,46,510
33,47,630
33,48,30
33,49,85
33,50,35
33,51,130
33,52,670
33,53,450
33,54,140
33,55,755
33,56,435
33,57,665
33,58,255
33,59,190
33,60,565
33,61,420
33,62,230
33,63,25
33,64,125
33,65,630
33,66,420
33,67,335
33,68,90
33,69,510
33,70,105
33,71,465
33,72,150
33,73,400
33,74,270
33,75,170
33,76,85
33,77,125
33,78,700
33,79,580
33,80,5
33,81,650
33,82,200
33,83,710
33,84,675
33,85,285
33,86,255
33,87,125
33,88,315
33,89,245
33,90,660
33,91,225
33,92,685
33,93,160
33,94,285
33,95,280
33,96,470
33,97,370
33,98,35
33,99,305
33,100,440
33,101,55
33,102,175
33,103,620
33,104,505
33,105,650
33,106,20
33,107,10
33,108,320
33,109,170
33,110,475
34,1,95
34,2,185
34,3,545
34,4,715
34,5,680
34,6,200
34,7,595
34,8,95
34,9,785
34,10,545
34,11,635
34,12,640
34,13,190
34,14,210
34,15,575
34,16,735
34,17,15
34,18,170
34,19,470
34,20,200
34,21,475
34,22,140
34,23,75
34,24,365
34,25,785
34,26,775
34,27,160
34,28,690
34,29,695
34,30,170
34,31,500
34,32,360
34,33,5
34,35,660
34,36,600
34,37,745
34,38,420
34,39,435
34,40,535
34,41,700
34,42,150
34,43,560
34,44,155
34,45,160
34,46,620
34,47,425
34,48,5
34,49,765
34,50,705
34,51,700
34,52,400
34,53,425
34,54,30
34,55,605
34,56,610
34,57,470
34,58,300
34,59,395
34,60,425
34,61,360
34,62,115
34,63,525
34,64,540
34,65,600
34,66,245
34,67,645
34,68,240
34,69,220
34,70,220
34,71,615
34,72,255
34,73,290
34,74,545
34,75,30
34,76,125
34,77,340
34,78,175
34,79,610
34,80,515
34,81,675
34,82,170
34,83,355
34,84,590
34,85,85
34,86,360
34,87,395
34,88,560
34,89,745
34,90,125
34,91,45
34,92,490
34,93,195
34,94,450
34,95,545
34,96,375
34,97,530
34,98,650
34,99,690
34,100,570
34,101,215
34,102,240
34,103,150
34,104,480
34,105,625
34,106,80
34,107,330
34,108,505
34,109,615
34,110,415
35,1,765
35,2,405
35,3,605
35,4,765
35,5,710
35,6,110
35,7,695
35,8,105
35,9,615
35,10,100
35,11,50
35,12,155
35,13,80
35,14,765
35,15,565
35,16,430
35,17,795
35,18,385
35,19,95
35,20,50
35,21,505
35,22,285
35,23,575
35,24,745
35,25,150
35,26,35
35,27,90
35,28,50
35,29,15
35,30,230
35,31,285
35,32,710
35,33,295
35,34,660
35,36,40
35,37,355
35,38,630
35,39,795
35,40,680
35,41,50
35,42,615
35,43,580
35,44,605
35,45,165
35,46,260
35,47,480
35,48,785
35,49,365
35,50,400
35,51,780
35,52,615
35,53,785
35,54,165
35,55,30
35,56,130
35,57,580
